function [ a,b ] = params()
%  Determines the relationship between facial landmkars and regions of
%  interest in the face.

a{1}= [22,23];
a{2}= [19,26];
a{3} = [38,45];
a{4} = [32,36];
a{5} = 52:53;
a{6} = 58;
a{7} = 49;
a{8} = 55;
a{9} = [8,9,10];
a{10} = [49,55];
b{11}  = 74:81;
b{12} = [91,92,93,94,95,96,100,101,86,89,90,103,105,106,104,102,88,87,82,83,97,98,84,85,99,107];
end

